F1
true    0.1
false   0.9

F2
true    0.1
false   0.9

F3
true    0.1
false   0.9

F4
true    0.1
false   0.9

M1
0   0.23056
1   0.15639
2   0.15556
3   0.15
4   0.15
5   0.15
6   0.0075

M2
0   0.23056
1   0.15639
2   0.15556
3   0.15
4   0.15
5   0.15
6   0.0075

M3
0   0.23056
1   0.15639
2   0.15556
3   0.15
4   0.15
5   0.15
6   0.0075

M4
0   0.23056
1   0.15639
2   0.15556
3   0.15
4   0.15
5   0.15
6   0.0075

N
0   0.16667
1   0.16667
2   0.16667
3   0.16667
4   0.16667
5   0.16667


